N 0 0 5 7 8 9 10 12
N 1 1 5 7 8 9 10 12
N 2 2 5 7 8 9 10 12
N 3 3 5 7 8 9 10 12
N 4 0 4 9 10 12
N 5 0 4 8 10 12
N 6 0 4 7 9 12
N 7 0 4 7 8 12
N 8 0 5 9 10 11
N 9 0 5 8 10 11
N 10 0 5 7 9 11
N 11 0 5 7 8 11
N 12 1 4 9 10 12
N 13 1 4 8 10 12
N 14 1 4 7 9 12
N 15 1 4 7 8 12
N 16 1 5 9 10 11
N 17 1 5 8 10 11
N 18 1 5 7 9 11
N 19 1 5 7 8 11
N 20 2 4 9 10 12
N 21 2 4 8 10 12
N 22 2 4 7 9 12
N 23 2 4 7 8 12
N 24 2 5 9 10 11
N 25 2 5 8 10 11
N 26 2 5 7 9 11
N 27 2 5 7 8 11
N 28 3 4 9 10 12
N 29 3 4 8 10 12
N 30 3 4 7 9 12
N 31 3 4 7 8 12
N 32 3 5 9 10 11
N 33 3 5 8 10 11
N 34 3 5 7 9 11
N 35 3 5 7 8 11
N 36 0 6 9 10 12
N 37 0 4 11
N 38 0 6 8 10 12
N 39 0 6 7 9 12
N 40 0 6 7 8 12
N 41 0 5 9 10 13
N 42 0 5 8 10 13
N 43 0 5 7 9 13
N 44 0 5 7 8 13
N 45 1 4 11
N 46 2 4 11
N 47 3 4 11
N 48 1 6 9 10 12
N 49 2 6 9 10 12
N 50 3 6 9 10 12
N 51 0 6 11
N 52 0 4 13
N 53 1 6 8 10 12
N 54 2 6 8 10 12
N 55 3 6 8 10 12
N 56 1 6 7 9 12
N 57 2 6 7 9 12
N 58 3 6 7 9 12
N 59 1 6 7 8 12
N 60 2 6 7 8 12
N 61 3 6 7 8 12
N 62 1 5 9 10 13
N 63 2 5 9 10 13
N 64 3 5 9 10 13
N 65 1 5 8 10 13
N 66 2 5 8 10 13
N 67 3 5 8 10 13
N 68 1 5 7 9 13
N 69 2 5 7 9 13
N 70 3 5 7 9 13
N 71 1 5 7 8 13
N 72 2 5 7 8 13
N 73 3 5 7 8 13
N 74 1 6 11
N 75 2 9 10 12 15
N 76 2 9 10 12 14
N 77 2 6 11
N 78 3 6 11
N 79 0 6 13
N 80 1 4 13
N 81 2 4 13
N 82 3 4 13
N 83 2 8 10 12 15
N 84 2 8 10 12 14
N 85 2 7 9 12 15
N 86 2 7 9 12 14
N 87 2 7 8 12 15
N 88 2 7 8 12 14
N 89 2 5 9 10 15
N 90 2 5 9 10 14
N 91 2 5 8 10 15
N 92 2 5 8 10 14
N 93 2 5 7 9 15
N 94 2 5 7 9 14
N 95 2 5 7 8 15
N 96 2 5 7 8 14
N 97 0 9 10 12 15
N 98 1 9 10 12 15
N 99 3 9 10 12 15
N 100 2 11 15
N 101 0 9 10 12 14
N 102 1 9 10 12 14
N 103 3 9 10 12 14
N 104 2 11 14
N 105 1 6 13
N 106 2 6 13
N 107 3 6 13
N 108 2 4 15
N 109 2 4 14
N 110 0 8 10 12 15
N 111 1 8 10 12 15
N 112 3 8 10 12 15
N 113 0 8 10 12 14
N 114 1 8 10 12 14
N 115 3 8 10 12 14
N 116 0 7 9 12 15
N 117 1 7 9 12 15
N 118 3 7 9 12 15
N 119 0 7 9 12 14
N 120 1 7 9 12 14
N 121 3 7 9 12 14
N 122 0 7 8 12 15
N 123 1 7 8 12 15
N 124 3 7 8 12 15
N 125 0 7 8 12 14
N 126 1 7 8 12 14
N 127 3 7 8 12 14
N 128 0 5 9 10 15
N 129 1 5 9 10 15
N 130 3 5 9 10 15
N 131 0 5 9 10 14
N 132 1 5 9 10 14
N 133 3 5 9 10 14
N 134 0 5 8 10 15
N 135 1 5 8 10 15
N 136 3 5 8 10 15
N 137 0 5 8 10 14
N 138 1 5 8 10 14
N 139 3 5 8 10 14
N 140 0 5 7 9 15
N 141 1 5 7 9 15
N 142 3 5 7 9 15
N 143 0 5 7 9 14
N 144 1 5 7 9 14
N 145 3 5 7 9 14
N 146 0 5 7 8 15
N 147 1 5 7 8 15
N 148 3 5 7 8 15
N 149 0 5 7 8 14
N 150 1 5 7 8 14
N 151 3 5 7 8 14
N 152 0 11 15
N 153 1 11 15
N 154 3 11 15
N 155 0 11 14
N 156 1 11 14
N 157 3 11 14
N 158 2 13 15
N 159 2 13 14
N 160 2 6 15
N 161 2 6 14
N 162 0 4 15
N 163 1 4 15
N 164 3 4 15
N 165 0 4 14
N 166 1 4 14
N 167 3 4 14
N 168 0 13 15
N 169 0 13 14
N 170 1 13 15
N 171 3 13 15
N 172 2 15
G 173 2 14 15
N 174 1 13 14
N 175 3 13 14
N 176 2 14
N 177 0 6 15
N 178 1 6 15
N 179 3 6 15
N 180 0 6 14
N 181 1 6 14
N 182 3 6 14
N 183 0 15
N 184 1 15
N 185 3 15
G 186 0 14 15
G 187 1 14 15
G 188 3 14 15
N 189 0 14
N 190 1 14
N 191 3 14
