0 1
0 2
0 3
0 4
0 5
0 6
0 7
0 8
0 9
0 10
0 11
1 0
1 2
1 3
1 12
1 13
1 14
1 15
1 16
1 17
1 18
1 19
2 0
2 1
2 3
2 20
2 21
2 22
2 23
2 24
2 25
2 26
2 27
3 0
3 1
3 2
3 28
3 29
3 30
3 31
3 32
3 33
3 34
3 35
4 12
4 20
4 28
4 36
4 37
5 13
5 21
5 29
5 38
5 37
6 14
6 22
6 30
6 39
6 37
7 15
7 23
7 31
7 40
7 37
8 16
8 24
8 32
8 41
8 37
9 17
9 25
9 33
9 42
9 37
10 18
10 26
10 34
10 43
10 37
11 19
11 27
11 35
11 44
11 37
12 4
12 20
12 28
12 45
13 5
13 21
13 29
13 45
14 6
14 22
14 30
14 45
15 7
15 23
15 31
15 45
16 8
16 24
16 32
16 45
17 9
17 25
17 33
17 45
18 10
18 26
18 34
18 45
19 11
19 27
19 35
19 45
20 4
20 12
20 28
20 46
21 5
21 13
21 29
21 46
22 6
22 14
22 30
22 46
23 7
23 15
23 31
23 46
24 8
24 16
24 32
24 46
25 9
25 17
25 33
25 46
26 10
26 18
26 34
26 46
27 11
27 19
27 35
27 46
28 4
28 12
28 20
28 47
29 5
29 13
29 21
29 47
30 6
30 14
30 22
30 47
31 7
31 15
31 23
31 47
32 8
32 16
32 24
32 47
33 9
33 17
33 25
33 47
34 10
34 18
34 26
34 47
35 11
35 19
35 27
35 47
36 48
36 49
36 50
36 51
37 45
37 46
37 47
37 51
37 52
38 53
38 54
38 55
38 51
39 56
39 57
39 58
39 51
40 59
40 60
40 61
40 51
41 62
41 63
41 64
41 52
42 65
42 66
42 67
42 52
43 68
43 69
43 70
43 52
44 71
44 72
44 73
44 52
45 37
45 46
45 47
46 37
46 45
46 47
47 37
47 45
47 46
48 36
48 49
48 50
48 74
49 36
49 48
49 50
49 75
49 76
49 77
50 36
50 48
50 49
50 78
51 74
51 77
51 78
51 79
52 80
52 81
52 82
52 79
53 38
53 54
53 55
53 74
54 38
54 53
54 55
54 83
54 84
54 77
55 38
55 53
55 54
55 78
56 39
56 57
56 58
56 74
57 39
57 56
57 58
57 85
57 86
57 77
58 39
58 56
58 57
58 78
59 40
59 60
59 61
59 74
60 40
60 59
60 61
60 87
60 88
60 77
61 40
61 59
61 60
61 78
62 41
62 63
62 64
62 80
63 41
63 62
63 64
63 89
63 90
63 81
64 41
64 62
64 63
64 82
65 42
65 66
65 67
65 80
66 42
66 65
66 67
66 91
66 92
66 81
67 42
67 65
67 66
67 82
68 43
68 69
68 70
68 80
69 43
69 68
69 70
69 93
69 94
69 81
70 43
70 68
70 69
70 82
71 44
71 72
71 73
71 80
72 44
72 71
72 73
72 95
72 96
72 81
73 44
73 71
73 72
73 82
74 51
74 77
74 78
75 97
75 98
75 99
75 100
76 101
76 102
76 103
76 104
77 51
77 74
77 78
77 100
77 104
78 51
78 74
78 77
79 105
79 106
79 107
80 52
80 81
80 82
81 52
81 80
81 82
81 108
81 109
82 52
82 80
82 81
83 110
83 111
83 112
83 100
84 113
84 114
84 115
84 104
85 116
85 117
85 118
85 100
86 119
86 120
86 121
86 104
87 122
87 123
87 124
87 100
88 125
88 126
88 127
88 104
89 128
89 129
89 130
89 108
90 131
90 132
90 133
90 109
91 134
91 135
91 136
91 108
92 137
92 138
92 139
92 109
93 140
93 141
93 142
93 108
94 143
94 144
94 145
94 109
95 146
95 147
95 148
95 108
96 149
96 150
96 151
96 109
97 98
97 75
97 99
97 152
98 97
98 75
98 99
98 153
99 97
99 98
99 75
99 154
100 152
100 153
100 154
101 102
101 76
101 103
101 155
102 101
102 76
102 103
102 156
103 101
103 102
103 76
103 157
104 155
104 156
104 157
105 79
105 106
105 107
106 79
106 105
106 107
106 158
106 159
106 160
106 161
107 79
107 105
107 106
108 162
108 163
108 164
109 165
109 166
109 167
110 111
110 83
110 112
110 152
111 110
111 83
111 112
111 153
112 110
112 111
112 83
112 154
113 114
113 84
113 115
113 155
114 113
114 84
114 115
114 156
115 113
115 114
115 84
115 157
116 117
116 85
116 118
116 152
117 116
117 85
117 118
117 153
118 116
118 117
118 85
118 154
119 120
119 86
119 121
119 155
120 119
120 86
120 121
120 156
121 119
121 120
121 86
121 157
122 123
122 87
122 124
122 152
123 122
123 87
123 124
123 153
124 122
124 123
124 87
124 154
125 126
125 88
125 127
125 155
126 125
126 88
126 127
126 156
127 125
127 126
127 88
127 157
128 129
128 89
128 130
128 162
129 128
129 89
129 130
129 163
130 128
130 129
130 89
130 164
131 132
131 90
131 133
131 165
132 131
132 90
132 133
132 166
133 131
133 132
133 90
133 167
134 135
134 91
134 136
134 162
135 134
135 91
135 136
135 163
136 134
136 135
136 91
136 164
137 138
137 92
137 139
137 165
138 137
138 92
138 139
138 166
139 137
139 138
139 92
139 167
140 141
140 93
140 142
140 162
141 140
141 93
141 142
141 163
142 140
142 141
142 93
142 164
143 144
143 94
143 145
143 165
144 143
144 94
144 145
144 166
145 143
145 144
145 94
145 167
146 147
146 95
146 148
146 162
147 146
147 95
147 148
147 163
148 146
148 147
148 95
148 164
149 150
149 96
149 151
149 165
150 149
150 96
150 151
150 166
151 149
151 150
151 96
151 167
152 153
152 100
152 154
152 168
153 152
153 100
153 154
154 152
154 153
154 100
155 156
155 104
155 157
155 169
156 155
156 104
156 157
157 155
157 156
157 104
158 168
158 170
158 171
158 172
158 173
159 169
159 174
159 175
159 173
159 176
160 177
160 178
160 179
160 172
160 173
161 180
161 181
161 182
161 173
161 176
162 163
162 108
162 164
162 177
163 162
163 108
163 164
164 162
164 163
164 108
165 166
165 109
165 167
165 180
166 165
166 109
166 167
167 165
167 166
167 109
168 170
168 158
168 171
169 174
169 159
169 175
170 168
170 158
170 171
171 168
171 170
171 158
172 183
172 184
172 185
173 186
173 187
173 188
174 169
174 159
174 175
175 169
175 174
175 159
176 189
176 190
176 191
177 178
177 160
177 179
178 177
178 160
178 179
179 177
179 178
179 160
180 181
180 161
180 182
181 180
181 161
181 182
182 180
182 181
182 161
183 184
183 172
183 185
184 183
184 172
184 185
185 183
185 184
185 172
186 187
186 173
186 188
187 186
187 173
187 188
188 186
188 187
188 173
189 190
189 176
189 191
190 189
190 176
190 191
191 189
191 190
191 176
